{
 "cells": [
  {
   "cell_type": "code",
   "execution_count": 1,
   "metadata": {},
   "outputs": [],
   "source": [
    "import pandas as pd\n",
    "import numpy as np\n",
    "import re\n",
    "import nltk"
   ]
  },
  {
   "cell_type": "code",
   "execution_count": 2,
   "metadata": {},
   "outputs": [],
   "source": [
    "df=pd.read_csv(\"IMDB_testset.csv\")"
   ]
  },
  {
   "cell_type": "code",
   "execution_count": 3,
   "metadata": {},
   "outputs": [],
   "source": [
    "df['clean_plot']=df['Plot'].str.lower()\n",
    "df['clean_plot']=df['clean_plot'].apply(lambda x: re.sub('[^a-zA-Z]',' ',x))\n",
    "df['clean_plot']=df['clean_plot'].apply(lambda x: re.sub('\\s+',' ',x))"
   ]
  },
  {
   "cell_type": "code",
   "execution_count": 4,
   "metadata": {},
   "outputs": [],
   "source": [
    "df['clean_plot']=df[\"clean_plot\"].apply(lambda x: nltk.word_tokenize(x))"
   ]
  },
  {
   "cell_type": "code",
   "execution_count": 5,
   "metadata": {},
   "outputs": [],
   "source": [
    "stop_word=nltk.corpus.stopwords.words('english')\n",
    "plot=[]\n",
    "for sentence in df['clean_plot']:\n",
    "    temp=[]\n",
    "    for word in sentence:\n",
    "        if word not in stop_word and len(word)>=3:\n",
    "            temp.append(word)\n",
    "    plot.append(temp)\n"
   ]
  },
  {
   "cell_type": "code",
   "execution_count": 6,
   "metadata": {},
   "outputs": [],
   "source": [
    "df['clean_plot']=plot"
   ]
  },
  {
   "cell_type": "code",
   "execution_count": 7,
   "metadata": {},
   "outputs": [
    {
     "data": {
      "text/plain": [
       "[['paraplegic',\n",
       "  'marine',\n",
       "  'dispatched',\n",
       "  'moon',\n",
       "  'pandora',\n",
       "  'unique',\n",
       "  'mission',\n",
       "  'becomes',\n",
       "  'torn',\n",
       "  'following',\n",
       "  'orders',\n",
       "  'protecting',\n",
       "  'world',\n",
       "  'feels',\n",
       "  'home'],\n",
       " ['captain',\n",
       "  'barbossa',\n",
       "  'turner',\n",
       "  'elizabeth',\n",
       "  'swann',\n",
       "  'must',\n",
       "  'sail',\n",
       "  'edge',\n",
       "  'map',\n",
       "  'navigate',\n",
       "  'treachery',\n",
       "  'betrayal',\n",
       "  'find',\n",
       "  'jack',\n",
       "  'sparrow',\n",
       "  'make',\n",
       "  'final',\n",
       "  'alliances',\n",
       "  'one',\n",
       "  'last',\n",
       "  'decisive',\n",
       "  'battle'],\n",
       " ['cryptic',\n",
       "  'message',\n",
       "  'bond',\n",
       "  'past',\n",
       "  'sends',\n",
       "  'trail',\n",
       "  'uncover',\n",
       "  'sinister',\n",
       "  'organization',\n",
       "  'battles',\n",
       "  'political',\n",
       "  'forces',\n",
       "  'keep',\n",
       "  'secret',\n",
       "  'service',\n",
       "  'alive',\n",
       "  'bond',\n",
       "  'peels',\n",
       "  'back',\n",
       "  'layers',\n",
       "  'deceit',\n",
       "  'reveal',\n",
       "  'terrible',\n",
       "  'truth',\n",
       "  'behind',\n",
       "  'spectre'],\n",
       " ['eight',\n",
       "  'years',\n",
       "  'joker',\n",
       "  'reign',\n",
       "  'anarchy',\n",
       "  'dark',\n",
       "  'knight',\n",
       "  'help',\n",
       "  'enigmatic',\n",
       "  'selina',\n",
       "  'forced',\n",
       "  'imposed',\n",
       "  'exile',\n",
       "  'save',\n",
       "  'gotham',\n",
       "  'city',\n",
       "  'edge',\n",
       "  'total',\n",
       "  'annihilation',\n",
       "  'brutal',\n",
       "  'guerrilla',\n",
       "  'terrorist',\n",
       "  'bane'],\n",
       " ['native',\n",
       "  'american',\n",
       "  'warrior',\n",
       "  'tonto',\n",
       "  'recounts',\n",
       "  'untold',\n",
       "  'tales',\n",
       "  'transformed',\n",
       "  'john',\n",
       "  'reid',\n",
       "  'man',\n",
       "  'law',\n",
       "  'legend',\n",
       "  'justice'],\n",
       " ['transported',\n",
       "  'barsoom',\n",
       "  'civil',\n",
       "  'war',\n",
       "  'vet',\n",
       "  'discovers',\n",
       "  'barren',\n",
       "  'planet',\n",
       "  'seemingly',\n",
       "  'inhabited',\n",
       "  'foot',\n",
       "  'tall',\n",
       "  'barbarians',\n",
       "  'finding',\n",
       "  'prisoner',\n",
       "  'creatures',\n",
       "  'escapes',\n",
       "  'encounter',\n",
       "  'woola',\n",
       "  'princess',\n",
       "  'desperate',\n",
       "  'need',\n",
       "  'savior'],\n",
       " ['magically',\n",
       "  'long',\n",
       "  'haired',\n",
       "  'rapunzel',\n",
       "  'spent',\n",
       "  'entire',\n",
       "  'life',\n",
       "  'tower',\n",
       "  'runaway',\n",
       "  'thief',\n",
       "  'stumbled',\n",
       "  'upon',\n",
       "  'discover',\n",
       "  'world',\n",
       "  'first',\n",
       "  'time',\n",
       "  'really'],\n",
       " ['strange',\n",
       "  'black',\n",
       "  'entity',\n",
       "  'another',\n",
       "  'world',\n",
       "  'bonds',\n",
       "  'peter',\n",
       "  'parker',\n",
       "  'causes',\n",
       "  'inner',\n",
       "  'turmoil',\n",
       "  'contends',\n",
       "  'new',\n",
       "  'villains',\n",
       "  'temptations',\n",
       "  'revenge'],\n",
       " ['tony',\n",
       "  'stark',\n",
       "  'bruce',\n",
       "  'banner',\n",
       "  'try',\n",
       "  'jump',\n",
       "  'start',\n",
       "  'dormant',\n",
       "  'peacekeeping',\n",
       "  'program',\n",
       "  'called',\n",
       "  'ultron',\n",
       "  'things',\n",
       "  'horribly',\n",
       "  'wrong',\n",
       "  'earth',\n",
       "  'mightiest',\n",
       "  'heroes',\n",
       "  'stop',\n",
       "  'villainous',\n",
       "  'ultron',\n",
       "  'enacting',\n",
       "  'terrible',\n",
       "  'plan'],\n",
       " ['political',\n",
       "  'interference',\n",
       "  'avengers',\n",
       "  'activities',\n",
       "  'causes',\n",
       "  'rift',\n",
       "  'former',\n",
       "  'allies',\n",
       "  'captain',\n",
       "  'america',\n",
       "  'iron',\n",
       "  'man'],\n",
       " ['fearing',\n",
       "  'actions',\n",
       "  'superman',\n",
       "  'left',\n",
       "  'unchecked',\n",
       "  'batman',\n",
       "  'takes',\n",
       "  'man',\n",
       "  'steel',\n",
       "  'world',\n",
       "  'wrestles',\n",
       "  'kind',\n",
       "  'hero',\n",
       "  'really',\n",
       "  'needs'],\n",
       " ['reluctant',\n",
       "  'hobbit',\n",
       "  'bilbo',\n",
       "  'baggins',\n",
       "  'sets',\n",
       "  'lonely',\n",
       "  'mountain',\n",
       "  'spirited',\n",
       "  'group',\n",
       "  'dwarves',\n",
       "  'reclaim',\n",
       "  'mountain',\n",
       "  'home',\n",
       "  'gold',\n",
       "  'within',\n",
       "  'dragon',\n",
       "  'smaug'],\n",
       " ['harry',\n",
       "  'potter',\n",
       "  'begins',\n",
       "  'sixth',\n",
       "  'year',\n",
       "  'hogwarts',\n",
       "  'discovers',\n",
       "  'old',\n",
       "  'book',\n",
       "  'marked',\n",
       "  'property',\n",
       "  'half',\n",
       "  'blood',\n",
       "  'prince',\n",
       "  'begins',\n",
       "  'learn',\n",
       "  'lord',\n",
       "  'voldemort',\n",
       "  'dark',\n",
       "  'past'],\n",
       " ['dwarves',\n",
       "  'along',\n",
       "  'bilbo',\n",
       "  'baggins',\n",
       "  'gandalf',\n",
       "  'grey',\n",
       "  'continue',\n",
       "  'quest',\n",
       "  'reclaim',\n",
       "  'erebor',\n",
       "  'homeland',\n",
       "  'smaug',\n",
       "  'bilbo',\n",
       "  'baggins',\n",
       "  'possession',\n",
       "  'mysterious',\n",
       "  'magical',\n",
       "  'ring'],\n",
       " ['bilbo',\n",
       "  'company',\n",
       "  'forced',\n",
       "  'engage',\n",
       "  'war',\n",
       "  'array',\n",
       "  'combatants',\n",
       "  'keep',\n",
       "  'lonely',\n",
       "  'mountain',\n",
       "  'falling',\n",
       "  'hands',\n",
       "  'rising',\n",
       "  'darkness'],\n",
       " ['jack',\n",
       "  'sparrow',\n",
       "  'barbossa',\n",
       "  'embark',\n",
       "  'quest',\n",
       "  'find',\n",
       "  'elusive',\n",
       "  'fountain',\n",
       "  'youth',\n",
       "  'discover',\n",
       "  'blackbeard',\n",
       "  'daughter'],\n",
       " ['superman',\n",
       "  'reappears',\n",
       "  'long',\n",
       "  'absence',\n",
       "  'challenged',\n",
       "  'old',\n",
       "  'foe',\n",
       "  'uses',\n",
       "  'kryptonian',\n",
       "  'technology',\n",
       "  'world',\n",
       "  'domination'],\n",
       " ['james',\n",
       "  'bond',\n",
       "  'descends',\n",
       "  'mystery',\n",
       "  'tries',\n",
       "  'stop',\n",
       "  'mysterious',\n",
       "  'organization',\n",
       "  'eliminating',\n",
       "  'country',\n",
       "  'valuable',\n",
       "  'resource',\n",
       "  'still',\n",
       "  'tries',\n",
       "  'seek',\n",
       "  'revenge',\n",
       "  'death',\n",
       "  'love'],\n",
       " ['earth',\n",
       "  'mightiest',\n",
       "  'heroes',\n",
       "  'must',\n",
       "  'come',\n",
       "  'together',\n",
       "  'learn',\n",
       "  'fight',\n",
       "  'team',\n",
       "  'stop',\n",
       "  'mischievous',\n",
       "  'loki',\n",
       "  'alien',\n",
       "  'army',\n",
       "  'enslaving',\n",
       "  'humanity'],\n",
       " ['jack',\n",
       "  'sparrow',\n",
       "  'races',\n",
       "  'recover',\n",
       "  'heart',\n",
       "  'davy',\n",
       "  'jones',\n",
       "  'avoid',\n",
       "  'enslaving',\n",
       "  'soul',\n",
       "  'jones',\n",
       "  'service',\n",
       "  'friends',\n",
       "  'foes',\n",
       "  'seek',\n",
       "  'heart',\n",
       "  'agenda',\n",
       "  'well'],\n",
       " ['clark',\n",
       "  'kent',\n",
       "  'one',\n",
       "  'last',\n",
       "  'extinguished',\n",
       "  'race',\n",
       "  'disguised',\n",
       "  'unremarkable',\n",
       "  'human',\n",
       "  'forced',\n",
       "  'reveal',\n",
       "  'identity',\n",
       "  'earth',\n",
       "  'invaded',\n",
       "  'army',\n",
       "  'survivors',\n",
       "  'threaten',\n",
       "  'bring',\n",
       "  'planet',\n",
       "  'brink',\n",
       "  'destruction'],\n",
       " ['pevensie',\n",
       "  'siblings',\n",
       "  'return',\n",
       "  'narnia',\n",
       "  'enlisted',\n",
       "  'help',\n",
       "  'ward',\n",
       "  'evil',\n",
       "  'king',\n",
       "  'restore',\n",
       "  'rightful',\n",
       "  'heir',\n",
       "  'land',\n",
       "  'throne',\n",
       "  'prince',\n",
       "  'caspian'],\n",
       " ['peter',\n",
       "  'parker',\n",
       "  'bitten',\n",
       "  'genetically',\n",
       "  'altered',\n",
       "  'spider',\n",
       "  'gains',\n",
       "  'newfound',\n",
       "  'spider',\n",
       "  'like',\n",
       "  'powers',\n",
       "  'ventures',\n",
       "  'solve',\n",
       "  'mystery',\n",
       "  'parent',\n",
       "  'mysterious',\n",
       "  'death'],\n",
       " ['new',\n",
       "  'theme',\n",
       "  'park',\n",
       "  'built',\n",
       "  'original',\n",
       "  'site',\n",
       "  'jurassic',\n",
       "  'park',\n",
       "  'creates',\n",
       "  'genetically',\n",
       "  'modified',\n",
       "  'hybrid',\n",
       "  'dinosaur',\n",
       "  'escapes',\n",
       "  'containment',\n",
       "  'goes',\n",
       "  'killing',\n",
       "  'spree']]"
      ]
     },
     "execution_count": 7,
     "metadata": {},
     "output_type": "execute_result"
    }
   ],
   "source": [
    "plot"
   ]
  },
  {
   "cell_type": "code",
   "execution_count": 8,
   "metadata": {},
   "outputs": [],
   "source": [
    "df['Genre']=df['Genre'].apply(lambda x: x.split(','))\n",
    "df['Actors']=df['Actors'].apply(lambda x: x.split(','))\n",
    "df['Director']=df['Director'].apply(lambda x: x.split(','))"
   ]
  },
  {
   "cell_type": "code",
   "execution_count": 9,
   "metadata": {},
   "outputs": [],
   "source": [
    "def clean(sentence):\n",
    "    temp=[]\n",
    "    for word in sentence:\n",
    "        temp.append(word.lower().replace(' ',' '))\n",
    "    return temp"
   ]
  },
  {
   "cell_type": "code",
   "execution_count": 10,
   "metadata": {},
   "outputs": [],
   "source": [
    "df['Genre']=[clean(x)for x in df['Genre']]\n"
   ]
  },
  {
   "cell_type": "code",
   "execution_count": 11,
   "metadata": {},
   "outputs": [],
   "source": [
    "df['Actors']=[clean(x) for x in df['Actors']]"
   ]
  },
  {
   "cell_type": "code",
   "execution_count": 12,
   "metadata": {},
   "outputs": [],
   "source": [
    "df['Director']=[clean(x) for x in df['Director']]"
   ]
  },
  {
   "cell_type": "code",
   "execution_count": 13,
   "metadata": {},
   "outputs": [
    {
     "data": {
      "text/html": [
       "<div>\n",
       "<style scoped>\n",
       "    .dataframe tbody tr th:only-of-type {\n",
       "        vertical-align: middle;\n",
       "    }\n",
       "\n",
       "    .dataframe tbody tr th {\n",
       "        vertical-align: top;\n",
       "    }\n",
       "\n",
       "    .dataframe thead th {\n",
       "        text-align: right;\n",
       "    }\n",
       "</style>\n",
       "<table border=\"1\" class=\"dataframe\">\n",
       "  <thead>\n",
       "    <tr style=\"text-align: right;\">\n",
       "      <th></th>\n",
       "      <th>Unnamed: 0</th>\n",
       "      <th>Title</th>\n",
       "      <th>Year</th>\n",
       "      <th>Rated</th>\n",
       "      <th>Released</th>\n",
       "      <th>Runtime</th>\n",
       "      <th>Genre</th>\n",
       "      <th>Director</th>\n",
       "      <th>Writer</th>\n",
       "      <th>Actors</th>\n",
       "      <th>...</th>\n",
       "      <th>tomatoUserMeter</th>\n",
       "      <th>tomatoUserRating</th>\n",
       "      <th>tomatoUserReviews</th>\n",
       "      <th>tomatoURL</th>\n",
       "      <th>DVD</th>\n",
       "      <th>BoxOffice</th>\n",
       "      <th>Production</th>\n",
       "      <th>Website</th>\n",
       "      <th>Response</th>\n",
       "      <th>clean_plot</th>\n",
       "    </tr>\n",
       "  </thead>\n",
       "  <tbody>\n",
       "    <tr>\n",
       "      <th>0</th>\n",
       "      <td>1</td>\n",
       "      <td>Avatar</td>\n",
       "      <td>2009</td>\n",
       "      <td>PG-13</td>\n",
       "      <td>18 Dec 2009</td>\n",
       "      <td>162 min</td>\n",
       "      <td>[action,  adventure,  fantasy]</td>\n",
       "      <td>[james cameron]</td>\n",
       "      <td>James Cameron</td>\n",
       "      <td>[sam worthington,  zoe saldana,  sigourney wea...</td>\n",
       "      <td>...</td>\n",
       "      <td>NaN</td>\n",
       "      <td>NaN</td>\n",
       "      <td>NaN</td>\n",
       "      <td>http://www.rottentomatoes.com/m/avatar/</td>\n",
       "      <td>22 Apr 2010</td>\n",
       "      <td>$749,700,000</td>\n",
       "      <td>20th Century Fox</td>\n",
       "      <td>http://www.avatarmovie.com/</td>\n",
       "      <td>True</td>\n",
       "      <td>[paraplegic, marine, dispatched, moon, pandora...</td>\n",
       "    </tr>\n",
       "    <tr>\n",
       "      <th>1</th>\n",
       "      <td>2</td>\n",
       "      <td>Pirates of the Caribbean: At World's End</td>\n",
       "      <td>2007</td>\n",
       "      <td>PG-13</td>\n",
       "      <td>25 May 2007</td>\n",
       "      <td>169 min</td>\n",
       "      <td>[action,  adventure,  fantasy]</td>\n",
       "      <td>[gore verbinski]</td>\n",
       "      <td>Ted Elliott, Terry Rossio, Ted Elliott (charac...</td>\n",
       "      <td>[johnny depp,  geoffrey rush,  orlando bloom, ...</td>\n",
       "      <td>...</td>\n",
       "      <td>NaN</td>\n",
       "      <td>NaN</td>\n",
       "      <td>NaN</td>\n",
       "      <td>http://www.rottentomatoes.com/m/pirates_of_the...</td>\n",
       "      <td>04 Dec 2007</td>\n",
       "      <td>$309,404,152</td>\n",
       "      <td>Buena Vista</td>\n",
       "      <td>http://disney.go.com/disneypictures/pirates/at...</td>\n",
       "      <td>True</td>\n",
       "      <td>[captain, barbossa, turner, elizabeth, swann, ...</td>\n",
       "    </tr>\n",
       "    <tr>\n",
       "      <th>2</th>\n",
       "      <td>3</td>\n",
       "      <td>Spectre</td>\n",
       "      <td>2015</td>\n",
       "      <td>PG-13</td>\n",
       "      <td>06 Nov 2015</td>\n",
       "      <td>148 min</td>\n",
       "      <td>[action,  adventure,  thriller]</td>\n",
       "      <td>[sam mendes]</td>\n",
       "      <td>John Logan (screenplay), Neal Purvis (screenpl...</td>\n",
       "      <td>[daniel craig,  christoph waltz,  léa seydoux,...</td>\n",
       "      <td>...</td>\n",
       "      <td>NaN</td>\n",
       "      <td>NaN</td>\n",
       "      <td>NaN</td>\n",
       "      <td>http://www.rottentomatoes.com/m/spectre_2015/</td>\n",
       "      <td>09 Feb 2016</td>\n",
       "      <td>$208,777,731</td>\n",
       "      <td>Sony Pictures</td>\n",
       "      <td>http://www.007.com/</td>\n",
       "      <td>True</td>\n",
       "      <td>[cryptic, message, bond, past, sends, trail, u...</td>\n",
       "    </tr>\n",
       "    <tr>\n",
       "      <th>3</th>\n",
       "      <td>4</td>\n",
       "      <td>The Dark Knight Rises</td>\n",
       "      <td>2012</td>\n",
       "      <td>PG-13</td>\n",
       "      <td>20 Jul 2012</td>\n",
       "      <td>164 min</td>\n",
       "      <td>[action,  thriller]</td>\n",
       "      <td>[christopher nolan]</td>\n",
       "      <td>Jonathan Nolan (screenplay), Christopher Nolan...</td>\n",
       "      <td>[christian bale,  gary oldman,  tom hardy,  jo...</td>\n",
       "      <td>...</td>\n",
       "      <td>NaN</td>\n",
       "      <td>NaN</td>\n",
       "      <td>NaN</td>\n",
       "      <td>http://www.rottentomatoes.com/m/the_dark_knigh...</td>\n",
       "      <td>03 Dec 2012</td>\n",
       "      <td>$448,130,642</td>\n",
       "      <td>Warner Bros. Pictures</td>\n",
       "      <td>http://www.thedarkknightrises.com/</td>\n",
       "      <td>True</td>\n",
       "      <td>[eight, years, joker, reign, anarchy, dark, kn...</td>\n",
       "    </tr>\n",
       "    <tr>\n",
       "      <th>4</th>\n",
       "      <td>5</td>\n",
       "      <td>The Lone Ranger</td>\n",
       "      <td>2013</td>\n",
       "      <td>PG-13</td>\n",
       "      <td>03 Jul 2013</td>\n",
       "      <td>150 min</td>\n",
       "      <td>[action,  adventure,  western]</td>\n",
       "      <td>[gore verbinski]</td>\n",
       "      <td>Justin Haythe (screenplay), Ted Elliott (scree...</td>\n",
       "      <td>[johnny depp,  armie hammer,  william fichtner...</td>\n",
       "      <td>...</td>\n",
       "      <td>NaN</td>\n",
       "      <td>NaN</td>\n",
       "      <td>NaN</td>\n",
       "      <td>http://www.rottentomatoes.com/m/the_lone_ranger/</td>\n",
       "      <td>17 Dec 2013</td>\n",
       "      <td>$89,289,910</td>\n",
       "      <td>Walt Disney Pictures</td>\n",
       "      <td>http://disney.go.com/the-lone-ranger/</td>\n",
       "      <td>True</td>\n",
       "      <td>[native, american, warrior, tonto, recounts, u...</td>\n",
       "    </tr>\n",
       "  </tbody>\n",
       "</table>\n",
       "<p>5 rows × 39 columns</p>\n",
       "</div>"
      ],
      "text/plain": [
       "   Unnamed: 0                                     Title  Year  Rated  \\\n",
       "0           1                                    Avatar  2009  PG-13   \n",
       "1           2  Pirates of the Caribbean: At World's End  2007  PG-13   \n",
       "2           3                                   Spectre  2015  PG-13   \n",
       "3           4                     The Dark Knight Rises  2012  PG-13   \n",
       "4           5                           The Lone Ranger  2013  PG-13   \n",
       "\n",
       "      Released  Runtime                            Genre             Director  \\\n",
       "0  18 Dec 2009  162 min   [action,  adventure,  fantasy]      [james cameron]   \n",
       "1  25 May 2007  169 min   [action,  adventure,  fantasy]     [gore verbinski]   \n",
       "2  06 Nov 2015  148 min  [action,  adventure,  thriller]         [sam mendes]   \n",
       "3  20 Jul 2012  164 min              [action,  thriller]  [christopher nolan]   \n",
       "4  03 Jul 2013  150 min   [action,  adventure,  western]     [gore verbinski]   \n",
       "\n",
       "                                              Writer  \\\n",
       "0                                      James Cameron   \n",
       "1  Ted Elliott, Terry Rossio, Ted Elliott (charac...   \n",
       "2  John Logan (screenplay), Neal Purvis (screenpl...   \n",
       "3  Jonathan Nolan (screenplay), Christopher Nolan...   \n",
       "4  Justin Haythe (screenplay), Ted Elliott (scree...   \n",
       "\n",
       "                                              Actors  ... tomatoUserMeter  \\\n",
       "0  [sam worthington,  zoe saldana,  sigourney wea...  ...             NaN   \n",
       "1  [johnny depp,  geoffrey rush,  orlando bloom, ...  ...             NaN   \n",
       "2  [daniel craig,  christoph waltz,  léa seydoux,...  ...             NaN   \n",
       "3  [christian bale,  gary oldman,  tom hardy,  jo...  ...             NaN   \n",
       "4  [johnny depp,  armie hammer,  william fichtner...  ...             NaN   \n",
       "\n",
       "  tomatoUserRating tomatoUserReviews  \\\n",
       "0              NaN               NaN   \n",
       "1              NaN               NaN   \n",
       "2              NaN               NaN   \n",
       "3              NaN               NaN   \n",
       "4              NaN               NaN   \n",
       "\n",
       "                                           tomatoURL          DVD  \\\n",
       "0            http://www.rottentomatoes.com/m/avatar/  22 Apr 2010   \n",
       "1  http://www.rottentomatoes.com/m/pirates_of_the...  04 Dec 2007   \n",
       "2      http://www.rottentomatoes.com/m/spectre_2015/  09 Feb 2016   \n",
       "3  http://www.rottentomatoes.com/m/the_dark_knigh...  03 Dec 2012   \n",
       "4   http://www.rottentomatoes.com/m/the_lone_ranger/  17 Dec 2013   \n",
       "\n",
       "      BoxOffice             Production  \\\n",
       "0  $749,700,000       20th Century Fox   \n",
       "1  $309,404,152            Buena Vista   \n",
       "2  $208,777,731          Sony Pictures   \n",
       "3  $448,130,642  Warner Bros. Pictures   \n",
       "4   $89,289,910   Walt Disney Pictures   \n",
       "\n",
       "                                             Website  Response  \\\n",
       "0                        http://www.avatarmovie.com/      True   \n",
       "1  http://disney.go.com/disneypictures/pirates/at...      True   \n",
       "2                                http://www.007.com/      True   \n",
       "3                 http://www.thedarkknightrises.com/      True   \n",
       "4              http://disney.go.com/the-lone-ranger/      True   \n",
       "\n",
       "                                          clean_plot  \n",
       "0  [paraplegic, marine, dispatched, moon, pandora...  \n",
       "1  [captain, barbossa, turner, elizabeth, swann, ...  \n",
       "2  [cryptic, message, bond, past, sends, trail, u...  \n",
       "3  [eight, years, joker, reign, anarchy, dark, kn...  \n",
       "4  [native, american, warrior, tonto, recounts, u...  \n",
       "\n",
       "[5 rows x 39 columns]"
      ]
     },
     "execution_count": 13,
     "metadata": {},
     "output_type": "execute_result"
    }
   ],
   "source": [
    "df.head()"
   ]
  },
  {
   "cell_type": "code",
   "execution_count": 14,
   "metadata": {},
   "outputs": [
    {
     "data": {
      "text/plain": [
       "['sam worthington', ' zoe saldana', ' sigourney weaver', ' stephen lang']"
      ]
     },
     "execution_count": 14,
     "metadata": {},
     "output_type": "execute_result"
    }
   ],
   "source": [
    "df['Actors'][0]"
   ]
  },
  {
   "cell_type": "code",
   "execution_count": 15,
   "metadata": {},
   "outputs": [
    {
     "data": {
      "text/plain": [
       "['paraplegic marine dispatched moon pandora unique mission becomes torn following orders protecting world feels home action  adventure  fantasy sam worthington  zoe saldana  sigourney weaver  stephen lang james cameron ',\n",
       " 'captain barbossa turner elizabeth swann must sail edge map navigate treachery betrayal find jack sparrow make final alliances one last decisive battle action  adventure  fantasy johnny depp  geoffrey rush  orlando bloom  keira knightley gore verbinski ',\n",
       " 'cryptic message bond past sends trail uncover sinister organization battles political forces keep secret service alive bond peels back layers deceit reveal terrible truth behind spectre action  adventure  thriller daniel craig  christoph waltz  léa seydoux  ralph fiennes sam mendes ',\n",
       " 'eight years joker reign anarchy dark knight help enigmatic selina forced imposed exile save gotham city edge total annihilation brutal guerrilla terrorist bane action  thriller christian bale  gary oldman  tom hardy  joseph gordon-levitt christopher nolan ',\n",
       " 'native american warrior tonto recounts untold tales transformed john reid man law legend justice action  adventure  western johnny depp  armie hammer  william fichtner  tom wilkinson gore verbinski ',\n",
       " 'transported barsoom civil war vet discovers barren planet seemingly inhabited foot tall barbarians finding prisoner creatures escapes encounter woola princess desperate need savior action  adventure  sci-fi taylor kitsch  lynn collins  samantha morton  willem dafoe andrew stanton ',\n",
       " 'magically long haired rapunzel spent entire life tower runaway thief stumbled upon discover world first time really animation  adventure  comedy mandy moore  zachary levi  donna murphy  ron perlman nathan greno  byron howard ',\n",
       " 'strange black entity another world bonds peter parker causes inner turmoil contends new villains temptations revenge action  adventure tobey maguire  kirsten dunst  james franco  thomas haden church sam raimi ',\n",
       " 'tony stark bruce banner try jump start dormant peacekeeping program called ultron things horribly wrong earth mightiest heroes stop villainous ultron enacting terrible plan action  adventure  sci-fi robert downey jr.  chris hemsworth  mark ruffalo  chris evans joss whedon ',\n",
       " 'political interference avengers activities causes rift former allies captain america iron man action  adventure  sci-fi chris evans  robert downey jr.  scarlett johansson  sebastian stan anthony russo  joe russo ',\n",
       " 'fearing actions superman left unchecked batman takes man steel world wrestles kind hero really needs action  adventure  sci-fi ben affleck  henry cavill  amy adams  jesse eisenberg zack snyder ',\n",
       " 'reluctant hobbit bilbo baggins sets lonely mountain spirited group dwarves reclaim mountain home gold within dragon smaug adventure  fantasy ian mckellen  martin freeman  richard armitage  ken stott peter jackson ',\n",
       " 'harry potter begins sixth year hogwarts discovers old book marked property half blood prince begins learn lord voldemort dark past adventure  family  fantasy daniel radcliffe  michael gambon  dave legeno  elarica johnson david yates ',\n",
       " 'dwarves along bilbo baggins gandalf grey continue quest reclaim erebor homeland smaug bilbo baggins possession mysterious magical ring adventure  fantasy ian mckellen  martin freeman  richard armitage  ken stott peter jackson ',\n",
       " 'bilbo company forced engage war array combatants keep lonely mountain falling hands rising darkness adventure  fantasy ian mckellen  martin freeman  richard armitage  ken stott peter jackson ',\n",
       " 'jack sparrow barbossa embark quest find elusive fountain youth discover blackbeard daughter action  adventure  fantasy johnny depp  penélope cruz  geoffrey rush  ian mcshane rob marshall ',\n",
       " 'superman reappears long absence challenged old foe uses kryptonian technology world domination action  adventure  sci-fi brandon routh  kate bosworth  kevin spacey  james marsden bryan singer ',\n",
       " 'james bond descends mystery tries stop mysterious organization eliminating country valuable resource still tries seek revenge death love action  adventure  thriller daniel craig  olga kurylenko  mathieu amalric  judi dench marc forster ',\n",
       " 'earth mightiest heroes must come together learn fight team stop mischievous loki alien army enslaving humanity action  sci-fi robert downey jr.  chris evans  mark ruffalo  chris hemsworth joss whedon ',\n",
       " 'jack sparrow races recover heart davy jones avoid enslaving soul jones service friends foes seek heart agenda well action  adventure  fantasy johnny depp  orlando bloom  keira knightley  jack davenport gore verbinski ',\n",
       " 'clark kent one last extinguished race disguised unremarkable human forced reveal identity earth invaded army survivors threaten bring planet brink destruction action  adventure  fantasy henry cavill  amy adams  michael shannon  diane lane zack snyder ',\n",
       " 'pevensie siblings return narnia enlisted help ward evil king restore rightful heir land throne prince caspian action  adventure  family ben barnes  georgie henley  skandar keynes  william moseley andrew adamson ',\n",
       " 'peter parker bitten genetically altered spider gains newfound spider like powers ventures solve mystery parent mysterious death action  adventure andrew garfield  emma stone  rhys ifans  denis leary marc webb ',\n",
       " \"new theme park built original site jurassic park creates genetically modified hybrid dinosaur escapes containment goes killing spree action  adventure  sci-fi chris pratt  bryce dallas howard  irrfan khan  vincent d'onofrio colin trevorrow \"]"
      ]
     },
     "execution_count": 15,
     "metadata": {},
     "output_type": "execute_result"
    }
   ],
   "source": [
    "columns=['clean_plot','Genre','Actors','Director']\n",
    "l=[]\n",
    "for i in range(len(df)):\n",
    "    words=''\n",
    "    for col in columns:\n",
    "        words+=' '.join(df[col][i])+' '\n",
    "    l.append(words)\n",
    "l"
   ]
  },
  {
   "cell_type": "code",
   "execution_count": 16,
   "metadata": {},
   "outputs": [],
   "source": [
    "df['clean_input']=l\n",
    "df=df[['Title','clean_input']]"
   ]
  },
  {
   "cell_type": "code",
   "execution_count": 17,
   "metadata": {},
   "outputs": [],
   "source": [
    "from sklearn.feature_extraction.text import TfidfVectorizer, CountVectorizer\n",
    "tfidf=TfidfVectorizer()\n",
    "features=tfidf.fit_transform(df['clean_input'])"
   ]
  },
  {
   "cell_type": "code",
   "execution_count": 18,
   "metadata": {},
   "outputs": [
    {
     "name": "stdout",
     "output_type": "stream",
     "text": [
      "[[1.         0.01992256 0.02947459 0.00424522 0.00918628 0.00766941\n",
      "  0.02130371 0.07768985 0.00749388 0.00876201 0.02925992 0.04991224\n",
      "  0.01423468 0.01590617 0.01827101 0.02382126 0.05470216 0.02964698\n",
      "  0.00506807 0.01915511 0.01962706 0.00864214 0.0084604  0.00792767]\n",
      " [0.01992256 1.         0.00688539 0.02982105 0.10410032 0.00717592\n",
      "  0.00331166 0.00829592 0.00701168 0.03809493 0.00853803 0.0155196\n",
      "  0.01331874 0.01488267 0.01709534 0.26341257 0.00889054 0.00781292\n",
      "  0.0356012  0.27983888 0.07474857 0.00808606 0.00791601 0.00741755]\n",
      " [0.02947459 0.00688539 1.         0.02217654 0.0075417  0.00629639\n",
      "  0.00290576 0.02915501 0.02858804 0.03342577 0.00749156 0.00329826\n",
      "  0.04565937 0.0031629  0.03377023 0.00823282 0.00780086 0.14805789\n",
      "  0.00416075 0.03076214 0.03152007 0.00709498 0.00694577 0.00650841]\n",
      " [0.00424522 0.02982105 0.02217654 1.         0.03266355 0.00363227\n",
      "  0.         0.00419919 0.00354914 0.00414973 0.00432174 0.\n",
      "  0.02417112 0.         0.02556783 0.00474936 0.00450017 0.02516391\n",
      "  0.00428334 0.00381905 0.02489945 0.03072877 0.00400689 0.00375459]\n",
      " [0.00918628 0.10410032 0.0075417  0.03266355 1.         0.00785992\n",
      "  0.00362732 0.00908668 0.00768002 0.03596613 0.03745696 0.00411728\n",
      "  0.0035334  0.00394831 0.00453532 0.06270003 0.00973797 0.00855763\n",
      "  0.00519395 0.10009022 0.0084677  0.04115527 0.00867055 0.00812459]\n",
      " [0.00766941 0.00717592 0.00629639 0.00363227 0.00785992 1.\n",
      "  0.00302836 0.00758626 0.02839729 0.03320274 0.03457902 0.00343742\n",
      "  0.02742003 0.00329635 0.03519514 0.00858019 0.03600667 0.00714457\n",
      "  0.03086975 0.00689949 0.03285003 0.02961651 0.02899367 0.05477701]\n",
      " [0.02130371 0.00331166 0.00290576 0.         0.00362732 0.00302836\n",
      "  1.         0.02107273 0.00295905 0.00345979 0.05157648 0.00360841\n",
      "  0.0030967  0.00346032 0.00397478 0.03680587 0.0537059  0.00329719\n",
      "  0.         0.00318409 0.00326254 0.00341246 0.00334069 0.0290967 ]\n",
      " [0.07768985 0.00829592 0.02915501 0.00419919 0.00908668 0.00758626\n",
      "  0.02107273 1.         0.00741263 0.04027331 0.02894267 0.02391915\n",
      "  0.00341038 0.0229375  0.02634772 0.00991938 0.05410906 0.05944643\n",
      "  0.00501312 0.00797635 0.00817288 0.00854844 0.05735242 0.03643838]\n",
      " [0.00749388 0.00701168 0.02858804 0.00354914 0.00768002 0.02839729\n",
      "  0.00295905 0.00741263 1.         0.15786735 0.03378759 0.00335875\n",
      "  0.00288244 0.00322091 0.00369977 0.00838381 0.03518257 0.02796114\n",
      "  0.43665633 0.00674158 0.02766728 0.00722511 0.00707316 0.06316111]\n",
      " [0.00876201 0.03809493 0.03342577 0.00414973 0.03596613 0.03320274\n",
      "  0.00345979 0.04027331 0.15786735 1.         0.06631224 0.00392712\n",
      "  0.00337021 0.00376595 0.00432586 0.00980254 0.04113623 0.00816239\n",
      "  0.18663801 0.0078824  0.00807661 0.00844775 0.0082701  0.05408507]\n",
      " [0.02925992 0.00853803 0.00749156 0.00432174 0.03745696 0.03457902\n",
      "  0.05157648 0.02894267 0.03378759 0.06631224 1.         0.00408991\n",
      "  0.00350991 0.00392206 0.00450516 0.01020886 0.09946099 0.00850073\n",
      "  0.03672936 0.00820913 0.19245623 0.04088162 0.0086129  0.03574341]\n",
      " [0.04991224 0.0155196  0.00329826 0.         0.00411728 0.00343742\n",
      "  0.00360841 0.02391915 0.00335875 0.00392712 0.00408991 1.\n",
      "  0.01451222 0.49011906 0.45729592 0.04463146 0.00425877 0.00374256\n",
      "  0.         0.01492176 0.01528941 0.0038734  0.02282375 0.00355317]\n",
      " [0.01423468 0.01331874 0.04565937 0.02417112 0.0035334  0.02742003\n",
      "  0.0030967  0.00341038 0.00288244 0.00337021 0.00350991 0.01451222\n",
      "  1.         0.01391664 0.01598568 0.01592512 0.0339718  0.02516782\n",
      "  0.02885617 0.01280568 0.03948344 0.05847145 0.0032542  0.00304929]\n",
      " [0.01590617 0.01488267 0.0031629  0.         0.00394831 0.00329635\n",
      "  0.00346032 0.0229375  0.00322091 0.00376595 0.00392206 0.49011906\n",
      "  0.01391664 1.         0.36043825 0.07855257 0.00408399 0.02812312\n",
      "  0.         0.01430937 0.01466193 0.00371444 0.04674494 0.00340735]\n",
      " [0.01827101 0.01709534 0.03377023 0.02556783 0.00453532 0.03519514\n",
      "  0.00397478 0.02634772 0.00369977 0.00432586 0.00450516 0.45729592\n",
      "  0.01598568 0.36043825 1.         0.049163   0.00469117 0.00412255\n",
      "  0.         0.0164368  0.04472735 0.00426668 0.0251411  0.00391394]\n",
      " [0.02382126 0.26341257 0.00823282 0.00474936 0.06270003 0.00858019\n",
      "  0.03680587 0.00991938 0.00838381 0.00980254 0.01020886 0.04463146\n",
      "  0.01592512 0.07855257 0.049163   1.         0.01063035 0.00934185\n",
      "  0.00566992 0.14878281 0.02195787 0.00966844 0.00946511 0.00886912]\n",
      " [0.05470216 0.00889054 0.00780086 0.00450017 0.00973797 0.03600667\n",
      "  0.0537059  0.05410906 0.03518257 0.04113623 0.09946099 0.00425877\n",
      "  0.0339718  0.00408399 0.00469117 0.01063035 1.         0.03142746\n",
      "  0.0382458  0.00854806 0.00875867 0.00916116 0.00896849 0.03721914]\n",
      " [0.02964698 0.00781292 0.14805789 0.02516391 0.00855763 0.00714457\n",
      "  0.00329719 0.05944643 0.02796114 0.00816239 0.00850073 0.00374256\n",
      "  0.02516782 0.02812312 0.00412255 0.00934185 0.03142746 1.\n",
      "  0.03004138 0.03490606 0.00769703 0.00805073 0.11779184 0.00738515]\n",
      " [0.00506807 0.0356012  0.00416075 0.00428334 0.00519395 0.03086975\n",
      "  0.         0.00501312 0.43665633 0.18663801 0.03672936 0.\n",
      "  0.02885617 0.         0.         0.00566992 0.0382458  0.03004138\n",
      "  1.         0.03422979 0.0601272  0.0048863  0.00478354 0.07271044]\n",
      " [0.01915511 0.27983888 0.03076214 0.00381905 0.10009022 0.00689949\n",
      "  0.00318409 0.00797635 0.00674158 0.0078824  0.00820913 0.01492176\n",
      "  0.01280568 0.01430937 0.0164368  0.14878281 0.00854806 0.03490606\n",
      "  0.03422979 1.         0.01765673 0.00777457 0.00761107 0.00713182]\n",
      " [0.01962706 0.07474857 0.03152007 0.02489945 0.0084677  0.03285003\n",
      "  0.00326254 0.00817288 0.02766728 0.00807661 0.19245623 0.01528941\n",
      "  0.03948344 0.01466193 0.04472735 0.02195787 0.00875867 0.00769703\n",
      "  0.0601272  0.01765673 1.         0.00796612 0.00779859 0.00730754]\n",
      " [0.00864214 0.00808606 0.00709498 0.03072877 0.04115527 0.02961651\n",
      "  0.00341246 0.00854844 0.00722511 0.00844775 0.04088162 0.0038734\n",
      "  0.05847145 0.00371444 0.00426668 0.00966844 0.00916116 0.00805073\n",
      "  0.0048863  0.00777457 0.00796612 1.         0.03267101 0.00764334]\n",
      " [0.0084604  0.00791601 0.00694577 0.00400689 0.00867055 0.02899367\n",
      "  0.00334069 0.05735242 0.00707316 0.0082701  0.0086129  0.02282375\n",
      "  0.0032542  0.04674494 0.0251411  0.00946511 0.00896849 0.11779184\n",
      "  0.00478354 0.00761107 0.00779859 0.03267101 1.         0.03476966]\n",
      " [0.00792767 0.00741755 0.00650841 0.00375459 0.00812459 0.05477701\n",
      "  0.0290967  0.03643838 0.06316111 0.05408507 0.03574341 0.00355317\n",
      "  0.00304929 0.00340735 0.00391394 0.00886912 0.03721914 0.00738515\n",
      "  0.07271044 0.00713182 0.00730754 0.00764334 0.03476966 1.        ]]\n"
     ]
    }
   ],
   "source": [
    "from sklearn.metrics.pairwise import cosine_similarity\n",
    "cosine_sim=cosine_similarity(features,features)\n",
    "print(cosine_sim)"
   ]
  },
  {
   "cell_type": "code",
   "execution_count": 19,
   "metadata": {},
   "outputs": [
    {
     "data": {
      "text/plain": [
       "0                                      Avatar\n",
       "1    Pirates of the Caribbean: At World's End\n",
       "2                                     Spectre\n",
       "3                       The Dark Knight Rises\n",
       "4                             The Lone Ranger\n",
       "Name: Title, dtype: object"
      ]
     },
     "execution_count": 19,
     "metadata": {},
     "output_type": "execute_result"
    }
   ],
   "source": [
    "index=pd.Series(df['Title'])\n",
    "index.head()"
   ]
  },
  {
   "cell_type": "code",
